1 20 2
1 51 3
1 97 3
1 102 1
1 148 3
1 174 3
1 184 1
1 205 2
1 206 1
1 208 2
1 211 2
1 214 4
1 218 3
1 252 1
1 258 2
1 264 3
1 290 1
1 339 2
1 367 4
1 392 2
1 394 1
1 400 3
1 685 1
1 1312 1
1 1359 1
1 1478 1
1 1692 1
1 1955 1
1 2203 1
2 23 3
2 63 3
2 72 2
2 116 2
2 119 2
2 146 2
2 193 1
2 204 2
2 228 4
2 288 4
2 293 3
2 308 3
2 311 4
2 326 4
2 330 4
2 366 2
2 525 1
2 1130 1
2 1298 1
2 1327 1
2 2234 1
3 85 1
3 89 2
3 91 3
3 109 2
3 136 2
3 141 1
3 142 3
3 191 2
3 281 1
3 403 1
3 422 2
3 449 3
3 462 4
3 471 4
3 505 3
3 526 3
3 533 1
3 543 4
3 553 2
3 580 4
3 585 2
3 1698 1
3 2122 1
3 2161 1
4 12 2
4 14 1
4 33 2
4 75 3
4 142 1
4 164 2
4 179 2
4 214 1
4 248 1
4 288 1
4 450 3
4 456 1
4 471 2
4 524 3
4 535 1
4 551 2
4 553 2
4 586 3
4 590 2
4 595 3
4 734 1
4 834 1
4 1579 1
4 2284 1
4 2365 1
5 1 2
5 20 3
5 41 2
5 45 2
5 62 2
5 142 3
5 214 3
5 219 2
5 222 1
5 231 2
5 239 4
5 264 2
5 278 1
5 326 4
5 343 3
5 345 3
5 348 4
5 362 4
5 376 4
5 396 1
5 1180 1
5 1191 1
5 2040 1
5 2048 1
6 7 3
6 11 3
6 24 1
6 59 1
6 65 2
6 83 1
6 111 3
6 155 3
6 189 3
6 314 1
6 333 1
6 367 1
6 419 2
6 430 3
6 439 4
6 451 1
6 458 3
6 460 1
6 468 2
6 469 1
6 509 4
6 540 4
6 551 3
6 561 3
6 566 4
6 570 4
6 576 1
6 972 1
6 1493 1
6 1799 1
6 1901 1
6 2268 1
7 14 1
7 53 1
7 69 3
7 114 3
7 128 2
7 141 3
7 161 2
7 194 1
7 195 2
7 382 1
7 424 4
7 427 1
7 442 4
7 474 2
7 483 3
7 485 1
7 486 3
7 490 4
7 505 1
7 506 4
7 521 1
7 527 1
7 570 3
7 572 3
7 578 4
7 629 1
7 1237 1
7 1729 1
7 1732 1
8 39 3
8 77 3
8 126 3
8 149 2
8 151 2
8 169 2
8 186 2
8 224 4
8 230 2
8 231 2
8 240 2
8 258 4
8 270 3
8 275 3
8 307 1
8 319 4
8 328 2
8 331 4
8 366 4
8 381 3
8 384 1
8 449 1
8 483 1
8 517 1
8 690 1
8 1079 1
8 1090 1
8 1385 1
8 1442 1
8 1772 1
8 2189 1
8 2354 1
9 21 3
9 82 3
9 85 1
9 98 1
9 102 3
9 137 1
9 167 2
9 173 3
9 178 3
9 210 1
9 233 4
9 239 4
9 298 1
9 299 4
9 322 1
9 327 2
9 329 3
9 352 3
9 367 2
9 370 1
9 381 4
9 391 3
9 459 1
9 592 1
9 802 1
9 1489 1
9 2158 1
10 62 2
10 98 3
10 157 2
10 159 1
10 175 1
10 266 1
10 318 1
10 408 2
10 412 4
10 415 2
10 443 3
10 476 2
10 477 2
10 484 2
10 514 3
10 578 4
10 620 1
10 1190 1
10 1553 1
10 1720 1
10 1988 1
10 2248 1
10 2441 1
10 2446 1
11 3 3
11 71 1
11 102 3
11 145 3
11 169 3
11 219 3
11 265 3
11 277 1
11 289 4
11 309 4
11 314 2
11 317 3
11 351 4
11 364 2
11 377 3
11 459 1
11 474 1
11 599 1
11 990 1
11 1049 1
11 1114 1
11 1322 1
11 1872 1
11 1904 1
11 2243 1
12 30 3
12 66 2
12 76 1
12 87 3
12 124 1
12 192 1
12 224 1
12 294 1
12 343 1
12 409 2
12 411 3
12 425 1
12 480 4
12 494 3
12 513 2
12 549 2
12 561 2
12 566 3
12 588 3
12 629 1
12 854 1
12 1142 1
12 1355 1
12 1532 1
12 1699 1
13 35 3
13 61 2
13 100 3
13 117 3
13 138 3
13 207 1
13 228 4
13 260 2
13 284 1
13 296 3
13 298 1
13 321 1
13 344 4
13 350 2
13 359 3
13 364 4
13 373 1
13 551 1
13 587 1
13 591 1
13 803 1
13 1450 1
13 1942 1
13 2414 1
14 1 1
14 38 1
14 54 2
14 56 1
14 60 3
14 85 2
14 151 1
14 153 3
14 199 1
14 204 1
14 409 2
14 426 3
14 456 1
14 461 1
14 472 3
14 492 1
14 493 1
14 495 4
14 505 4
14 514 2
14 540 2
14 558 1
14 566 2
14 576 2
14 577 1
14 1088 1
14 1264 1
14 1806 1
14 2215 1
14 2218 1
15 8 1
15 16 1
15 78 2
15 103 3
15 110 1
15 118 3
15 123 2
15 134 1
15 165 2
15 169 3
15 414 4
15 430 1
15 433 3
15 445 1
15 468 4
15 508 4
15 535 2
15 590 1
15 1164 1
15 1799 1
15 1879 1
15 1897 1
16 18 1
16 22 3
16 24 3
16 25 2
16 40 2
16 66 3
16 96 3
16 111 3
16 122 3
16 176 1
16 426 4
16 430 3
16 476 2
16 498 2
16 511 4
16 517 4
16 530 3
16 536 4
16 553 4
16 555 4
16 567 3
16 568 4
16 580 1
16 1325 1
16 1467 1
16 1963 1
16 2137 1
16 2378 1
16 2390 1
17 58 1
17 110 3
17 143 3
17 144 3
17 158 1
17 160 2
17 165 2
17 173 1
17 197 3
17 227 3
17 255 3
17 274 2
17 280 2
17 291 1
17 330 1
17 348 3
17 354 4
17 487 1
17 490 1
17 894 1
17 972 1
17 2382 1
18 29 2
18 30 2
18 56 3
18 70 2
18 89 3
18 111 3
18 132 3
18 194 3
18 408 1
18 418 3
18 424 2
18 437 3
18 441 4
18 456 1
18 488 4
18 497 3
18 508 4
18 517 4
18 536 1
18 563 1
18 590 3
18 592 2
18 616 1
18 713 1
18 1410 1
18 1828 1
19 20 2
19 81 2
19 104 2
19 110 2
19 147 1
19 148 1
19 164 3
19 182 1
19 202 4
19 231 1
19 236 4
19 255 2
19 266 3
19 275 1
19 278 4
19 284 4
19 328 1
19 396 2
19 397 2
19 423 1
19 493 1
19 577 1
19 817 1
19 1099 1
19 1421 1
19 1493 1
19 1807 1
19 2330 1
20 20 3
20 40 2
20 45 1
20 155 3
20 168 3
20 195 2
20 345 1
20 365 1
20 375 1
20 420 3
20 444 2
20 457 2
20 480 2
20 486 2
20 487 3
20 502 1
20 591 3
20 600 1
20 740 1
20 910 1
20 1248 1
20 1262 1
20 1501 1
20 1880 1
20 1885 1
20 2370 1
21 11 2
21 45 2
21 64 2
21 113 2
21 134 3
21 135 2
21 157 3
21 166 1
21 182 2
21 410 1
21 415 4
21 419 4
21 471 4
21 474 1
21 478 4
21 480 2
21 491 2
21 495 3
21 514 1
21 516 4
21 519 1
21 530 3
21 552 1
21 562 1
21 735 1
21 794 1
21 1276 1
21 1286 1
21 1392 1
21 1743 1
21 1926 1
21 1990 1
22 47 1
22 50 3
22 55 1
22 58 3
22 88 1
22 125 1
22 197 2
22 421 2
22 437 3
22 439 4
22 465 4
22 480 3
22 486 3
22 490 1
22 550 1
22 555 3
22 569 1
22 570 4
22 586 2
22 869 1
22 916 1
22 1290 1
22 1372 1
22 1824 1
22 1866 1
22 2170 1
22 2395 1
23 73 2
23 98 3
23 108 3
23 113 1
23 119 3
23 129 2
23 136 2
23 147 1
23 197 1
23 200 1
23 412 4
23 443 2
23 447 2
23 494 3
23 506 2
23 513 3
23 560 4
23 578 4
23 585 2
23 598 3
23 772 1
23 856 1
23 929 1
23 1184 1
23 1657 1
23 2163 1
23 2333 1
23 2344 1
24 36 3
24 74 3
24 121 2
24 179 2
24 195 1
24 207 3
24 214 3
24 224 3
24 238 4
24 257 2
24 290 1
24 302 2
24 307 1
24 312 1
24 316 3
24 329 2
24 332 2
24 1042 1
24 1125 1
24 2311 1
25 1 3
25 37 3
25 48 3
25 62 3
25 75 3
25 91 1
25 107 3
25 110 1
25 147 3
25 158 2
25 429 1
25 461 1
25 474 4
25 478 2
25 509 4
25 536 4
25 541 1
25 556 2
25 587 1
25 599 1
25 690 1
25 1365 1
25 1393 1
25 1563 1
25 1902 1
25 2389 1
26 11 3
26 12 2
26 52 3
26 76 2
26 81 2
26 210 1
26 393 1
26 405 2
26 418 3
26 427 2
26 462 2
26 489 3
26 492 1
26 549 4
26 561 2
26 569 4
26 588 4
26 592 3
26 598 1
26 698 1
26 992 1
26 1186 1
26 1332 1
26 1943 1
26 2200 1
26 2366 1
26 2374 1
27 43 3
27 90 3
27 110 2
27 114 2
27 115 1
27 155 1
27 177 2
27 184 3
27 232 1
27 248 1
27 270 3
27 287 1
27 295 4
27 299 3
27 303 4
27 312 1
27 313 3
27 328 3
27 333 3
27 378 3
27 391 2
27 928 1
27 1345 1
27 1432 1
27 1651 1
27 1906 1
27 1992 1
27 2136 1
27 2241 1
28 20 2
28 36 1
28 81 2
28 94 3
28 102 1
28 136 1
28 147 1
28 196 3
28 231 1
28 268 1
28 344 1
28 409 2
28 418 3
28 433 4
28 437 3
28 461 3
28 513 1
28 556 3
28 574 4
28 1040 1
28 1185 1
28 1514 1
28 1854 1
28 2042 1
29 17 3
29 23 2
29 34 3
29 80 1
29 102 1
29 123 1
29 157 2
29 184 2
29 185 3
29 217 4
29 219 2
29 223 2
29 232 3
29 235 2
29 245 2
29 252 3
29 282 4
29 289 3
29 314 2
29 316 3
29 371 1
29 375 2
29 382 3
29 383 1
29 520 1
29 533 1
29 575 1
29 863 1
29 1730 1
29 2198 1
29 2298 1
29 2399 1
30 24 3
30 40 1
30 44 3
30 78 1
30 129 3
30 137 3
30 149 1
30 152 1
30 158 3
30 165 2
30 415 3
30 432 1
30 434 3
30 440 2
30 443 2
30 478 3
30 511 2
30 529 3
30 533 3
30 597 2
30 1032 1
30 1143 1
30 1454 1
30 1772 1
30 1782 1
30 1934 1
30 2171 1
30 2180 1
31 37 2
31 53 2
31 81 3
31 82 1
31 88 2
31 119 3
31 156 1
31 184 3
31 263 4
31 275 1
31 278 2
31 324 4
31 328 4
31 340 4
31 361 3
31 365 1
31 462 1
31 520 1
31 1108 1
31 1148 1
31 1521 1
32 13 3
32 56 3
32 62 3
32 73 1
32 91 2
32 118 3
32 130 2
32 150 2
32 413 2
32 425 3
32 441 4
32 464 3
32 475 2
32 484 1
32 499 4
32 508 4
32 548 1
32 558 4
32 875 1
32 1142 1
32 1350 1
32 2090 1
32 2165 1
32 2408 1
33 39 2
33 86 3
33 117 3
33 122 1
33 133 2
33 183 3
33 212 1
33 214 1
33 219 4
33 250 3
33 274 2
33 293 3
33 294 3
33 299 1
33 303 2
33 316 1
33 330 1
33 342 2
33 344 3
33 346 4
33 501 1
33 1213 1
33 1289 1
33 1639 1
33 1816 1
33 2115 1
33 2297 1
33 2326 1
34 39 2
34 53 1
34 106 3
34 108 3
34 129 3
34 177 3
34 199 1
34 205 1
34 229 2
34 277 3
34 279 1
34 285 2
34 295 4
34 307 2
34 322 2
34 345 4
34 350 1
34 362 4
34 373 4
34 377 1
34 382 1
34 386 2
34 544 1
34 1243 1
34 1372 1
34 1580 1
34 1677 1
34 1957 1
35 32 2
35 71 2
35 74 1
35 82 3
35 90 2
35 123 2
35 126 3
35 144 2
35 181 3
35 185 1
35 288 2
35 291 3
35 318 3
35 337 4
35 340 2
35 365 2
35 374 3
35 375 3
35 385 3
35 398 2
35 1126 1
35 1506 1
35 1944 1
35 2131 1
35 2493 1
36 16 3
36 23 1
36 74 1
36 83 3
36 166 3
36 167 1
36 197 3
36 210 1
36 246 1
36 302 1
36 413 4
36 428 1
36 436 4
36 452 2
36 455 2
36 462 4
36 463 4
36 470 1
36 538 1
36 544 4
36 551 2
36 558 2
36 572 2
36 579 3
36 590 1
36 982 1
36 1193 1
36 2134 1
36 2387 1
36 2396 1
36 2497 1
37 4 2
37 48 3
37 66 1
37 76 2
37 87 3
37 118 3
37 146 1
37 166 1
37 184 3
37 189 2
37 225 1
37 248 1
37 372 1
37 403 4
37 428 2
37 473 3
37 477 2
37 486 1
37 517 2
37 546 4
37 555 3
37 614 1
37 1109 1
37 1263 1
37 1578 1
38 35 3
38 40 3
38 57 3
38 96 3
38 107 3
38 117 3
38 123 2
38 156 1
38 192 1
38 203 3
38 261 2
38 267 3
38 269 4
38 278 2
38 285 3
38 299 3
38 315 1
38 347 1
38 350 4
38 386 3
38 393 1
38 760 1
38 1341 1
38 1515 1
38 1682 1
38 1756 1
38 2042 1
38 2479 1
39 15 1
39 79 1
39 107 1
39 117 2
39 119 1
39 144 3
39 145 2
39 173 3
39 186 1
39 216 4
39 239 1
39 243 4
39 252 4
39 284 2
39 330 2
39 338 4
39 341 1
39 347 1
39 417 1
39 489 1
39 580 1
39 665 1
39 724 1
39 742 1
39 1188 1
39 1438 1
39 1567 1
39 2432 1
40 77 2
40 119 3
40 140 1
40 173 2
40 185 1
40 235 1
40 296 4
40 297 1
40 298 2
40 308 2
40 315 2
40 365 2
40 366 1
40 387 3
40 397 4
40 440 1
40 471 1
40 489 1
40 832 1
40 2085 1
40 2168 1
40 2393 1
41 15 3
41 36 2
41 56 2
41 139 3
41 194 1
41 199 3
41 205 2
41 218 4
41 253 4
41 262 1
41 308 1
41 358 4
41 370 1
41 397 1
41 461 1
41 478 1
41 1053 1
41 1447 1
41 1668 1
41 1953 1
42 15 1
42 35 1
42 37 1
42 100 3
42 106 3
42 107 1
42 119 2
42 136 2
42 143 2
42 144 2
42 214 1
42 413 2
42 416 3
42 445 3
42 471 4
42 489 3
42 510 4
42 527 2
42 543 4
42 552 4
42 561 4
42 574 2
42 589 2
42 681 1
42 1373 1
42 1835 1
42 1839 1
42 1980 1
43 62 3
43 73 2
43 83 2
43 98 3
43 120 2
43 137 2
43 142 2
43 199 2
43 249 3
43 254 2
43 256 4
43 323 2
43 344 1
43 351 1
43 372 2
43 386 2
43 395 3
43 1017 1
43 1241 1
43 1256 1
43 1360 1
43 1562 1
43 2160 1
43 2320 1
43 2473 1
44 48 1
44 126 1
44 139 3
44 140 3
44 165 1
44 185 1
44 405 4
44 412 2
44 438 2
44 440 2
44 457 2
44 467 3
44 476 3
44 507 2
44 542 3
44 545 3
44 549 4
44 550 4
44 585 4
44 590 4
44 740 1
44 882 1
44 1074 1
44 1892 1
44 2049 1
44 2326 1
45 25 2
45 28 2
45 39 1
45 46 2
45 62 2
45 111 3
45 135 2
45 173 3
45 179 1
45 203 4
45 216 1
45 256 4
45 296 4
45 317 1
45 330 1
45 358 1
45 359 1
45 364 3
45 371 3
45 463 1
45 518 1
45 545 1
45 766 1
45 1063 1
45 1215 1
45 1939 1
45 2001 1
45 2296 1
45 2337 1
45 2358 1
46 12 3
46 55 1
46 70 3
46 122 3
46 146 2
46 178 3
46 415 1
46 424 1
46 497 4
46 498 1
46 504 2
46 522 3
46 542 4
46 564 1
46 633 1
46 1025 1
46 1245 1
46 2342 1
47 84 2
47 102 2
47 153 2
47 155 1
47 158 2
47 197 3
47 199 1
47 220 1
47 242 1
47 262 4
47 277 3
47 300 1
47 302 2
47 345 1
47 346 2
47 383 4
47 393 3
47 448 1
47 511 1
47 575 1
47 776 1
47 1205 1
47 1379 1
47 1867 1
47 1954 1
47 2182 1
47 2235 1
48 7 2
48 23 1
48 27 2
48 91 2
48 105 3
48 115 3
48 132 3
48 143 1
48 222 1
48 300 1
48 400 1
48 419 1
48 422 1
48 440 4
48 469 3
48 482 1
48 493 2
48 498 3
48 500 2
48 563 3
48 583 1
48 590 1
48 948 1
48 1098 1
48 1668 1
48 1746 1
48 1772 1
48 2004 1
48 2446 1
48 2454 1
49 35 1
49 77 2
49 83 2
49 86 3
49 111 1
49 153 2
49 155 2
49 167 2
49 217 1
49 220 3
49 236 3
49 238 4
49 243 2
49 244 3
49 269 2
49 271 1
49 277 3
49 278 4
49 308 4
49 312 3
49 324 4
49 327 2
49 463 1
49 484 1
49 548 1
49 834 1
49 1175 1
49 1348 1
49 1405 1
49 2210 1
49 2273 1
50 19 3
50 103 3
50 115 2
50 123 1
50 130 3
50 137 3
50 150 2
50 154 3
50 207 3
50 247 1
50 254 4
50 319 3
50 340 3
50 341 2
50 352 4
50 375 4
50 382 2
50 387 2
50 397 4
50 1109 1
50 1947 1
50 2175 1
51 22 1
51 30 3
51 37 2
51 80 1
51 88 2
51 90 2
51 117 3
51 187 2
51 203 1
51 212 4
51 226 3
51 228 4
51 243 3
51 285 3
51 303 4
51 311 1
51 345 3
51 357 2
51 366 2
51 374 4
51 393 2
51 418 1
51 477 1
51 482 1
51 836 1
51 2056 1
51 2260 1
52 8 2
52 102 3
52 111 2
52 164 3
52 169 1
52 189 2
52 228 3
52 243 4
52 263 4
52 288 2
52 333 2
52 366 2
52 374 4
52 390 2
52 729 1
52 1022 1
52 1040 1
52 1171 1
52 2042 1
52 2141 1
52 2231 1
52 2257 1
53 22 3
53 31 2
53 35 3
53 62 3
53 77 1
53 81 2
53 152 2
53 158 1
53 173 1
53 181 2
53 230 3
53 248 3
53 251 1
53 268 4
53 284 4
53 294 4
53 318 3
53 338 4
53 372 2
53 548 1
53 981 1
53 1467 1
53 1597 1
53 1701 1
53 1902 1
53 2021 1
54 8 2
54 9 3
54 22 2
54 43 3
54 57 3
54 75 2
54 114 2
54 126 1
54 145 1
54 195 3
54 214 4
54 236 2
54 243 1
54 248 4
54 274 2
54 281 4
54 316 4
54 326 4
54 343 3
54 359 4
54 834 1
54 1149 1
54 1352 1
54 1711 1
54 1713 1
54 2188 1
54 2287 1
55 54 3
55 61 2
55 151 3
55 189 3
55 199 3
55 227 1
55 256 3
55 309 3
55 313 1
55 340 4
55 385 3
55 389 4
55 395 2
55 436 1
55 443 1
55 558 1
55 722 1
55 1024 1
55 2250 1
55 2267 1
56 20 2
56 69 2
56 97 2
56 107 3
56 116 3
56 161 3
56 162 1
56 163 2
56 197 2
56 201 1
56 349 1
56 425 2
56 444 2
56 469 2
56 472 4
56 475 2
56 483 2
56 532 4
56 537 2
56 538 3
56 547 3
56 553 1
56 574 4
56 581 2
56 791 1
56 1334 1
56 1539 1
56 1901 1
56 1961 1
56 2029 1
56 2097 1
56 2342 1
57 1 3
57 41 1
57 110 2
57 113 3
57 117 1
57 255 1
57 256 4
57 269 1
57 273 1
57 283 4
57 302 2
57 310 3
57 327 1
57 337 3
57 471 1
57 1113 1
57 1339 1
57 1941 1
58 3 1
58 31 3
58 58 3
58 88 1
58 109 1
58 114 1
58 133 1
58 175 2
58 179 2
58 414 1
58 443 1
58 479 1
58 496 2
58 502 2
58 561 4
58 567 1
58 571 4
58 586 2
58 881 1
58 1213 1
58 1353 1
58 1384 1
58 2405 1
59 90 2
59 99 1
59 110 3
59 151 2
59 187 1
59 203 2
59 218 2
59 237 2
59 243 2
59 336 4
59 345 4
59 357 1
59 365 4
59 367 1
59 374 3
59 1734 1
59 1829 1
59 1831 1
59 2077 1
60 94 1
60 100 1
60 108 1
60 140 3
60 146 2
60 175 1
60 407 2
60 449 1
60 453 1
60 478 4
60 501 3
60 531 1
60 533 2
60 556 4
60 569 4
60 577 1
60 592 3
60 600 3
60 682 1
60 724 1
60 1042 1
60 2217 1
60 2490 1
61 23 1
61 30 3
61 112 2
61 117 3
61 156 3
61 157 3
61 231 1
61 422 3
61 474 3
61 503 1
61 507 2
61 509 3
61 529 1
61 530 2
61 538 2
61 558 1
61 561 1
61 564 4
61 580 4
61 583 3
61 597 2
61 882 1
61 2037 1
61 2050 1
62 17 2
62 20 2
62 68 1
62 117 2
62 128 1
62 131 1
62 148 3
62 161 1
62 183 2
62 442 3
62 443 3
62 467 4
62 489 3
62 528 2
62 533 1
62 534 1
62 585 3
62 606 1
62 691 1
62 1643 1
62 2118 1
63 12 2
63 14 2
63 31 1
63 46 2
63 58 1
63 96 2
63 129 2
63 133 3
63 173 2
63 410 1
63 412 2
63 439 3
63 446 3
63 463 4
63 494 2
63 499 4
63 521 3
63 1011 1
63 1198 1
63 1223 1
63 1755 1
63 2207 1
64 53 1
64 61 3
64 108 2
64 126 1
64 136 1
64 251 1
64 263 3
64 295 1
64 319 2
64 327 1
64 340 1
64 352 4
64 388 3
64 395 4
64 398 2
64 399 3
64 1446 1
64 1665 1
64 2332 1
64 2438 1
65 28 2
65 35 1
65 40 2
65 150 2
65 198 2
65 200 1
65 416 1
65 420 4
65 422 2
65 425 3
65 435 4
65 501 3
65 518 4
65 530 3
65 546 2
65 549 3
65 552 3
65 564 3
65 592 2
65 1026 1
65 1143 1
65 1232 1
65 1334 1
65 1526 1
65 1549 1
65 2178 1
66 8 1
66 104 1
66 116 2
66 141 1
66 143 1
66 192 1
66 211 3
66 224 3
66 241 2
66 256 3
66 278 2
66 355 1
66 376 1
66 379 4
66 381 3
66 1056 1
66 2200 1
66 2301 1
67 8 2
67 13 2
67 44 3
67 102 1
67 111 1
67 128 1
67 147 2
67 186 2
67 239 1
67 315 1
67 422 1
67 451 1
67 467 1
67 496 1
67 503 1
67 550 3
67 551 1
67 562 4
67 566 2
67 576 2
67 1858 1
67 1864 1
67 1869 1
68 7 1
68 8 3
68 47 2
68 57 2
68 82 2
68 153 3
68 200 1
68 226 1
68 416 4
68 423 4
68 436 4
68 472 3
68 476 2
68 499 3
68 506 1
68 523 3
68 528 2
68 541 4
68 566 4
68 1094 1
68 1146 1
68 1693 1
68 1946 1
69 10 1
69 15 2
69 24 3
69 60 1
69 126 1
69 155 2
69 245 2
69 246 4
69 257 3
69 261 3
69 291 2
69 300 3
69 348 1
69 396 3
69 434 1
69 964 1
69 2069 1
69 2244 1
69 2330 1
69 2482 1
70 33 3
70 45 3
70 46 2
70 76 1
70 79 2
70 97 3
70 151 1
70 177 1
70 187 3
70 188 3
70 364 1
70 406 1
70 416 4
70 419 2
70 429 4
70 437 2
70 438 3
70 494 3
70 496 3
70 535 4
70 551 3
70 570 2
70 581 3
70 599 2
70 760 1
70 814 1
70 889 1
70 1088 1
70 1279 1
70 1617 1
70 2127 1
71 26 2
71 90 3
71 97 1
71 123 1
71 140 1
71 148 1
71 167 2
71 195 1
71 227 1
71 267 1
71 403 2
71 423 3
71 443 1
71 454 4
71 468 4
71 482 2
71 486 4
71 515 4
71 563 3
71 564 1
71 572 1
71 582 1
71 587 4
71 949 1
71 1301 1
71 2419 1
72 1 1
72 14 3
72 40 3
72 93 2
72 110 1
72 126 3
72 141 2
72 147 1
72 408 3
72 420 1
72 424 3
72 442 4
72 443 1
72 487 2
72 511 2
72 524 3
72 541 1
72 553 2
72 558 4
72 568 1
72 581 3
72 588 2
72 768 1
72 950 1
72 1198 1
72 1908 1
73 61 3
73 77 3
73 108 2
73 122 3
73 134 1
73 138 3
73 147 3
73 176 1
73 224 1
73 230 1
73 248 3
73 268 3
73 279 3
73 295 4
73 298 2
73 300 1
73 302 4
73 315 1
73 321 4
73 326 3
73 340 1
73 365 2
73 370 2
73 431 1
73 859 1
73 943 1
73 955 1
73 995 1
73 1034 1
73 2256 1
74 4 1
74 29 3
74 107 1
74 108 1
74 118 1
74 134 1
74 151 3
74 160 3
74 180 3
74 221 3
74 238 3
74 252 4
74 309 3
74 312 1
74 353 3
74 361 4
74 375 1
74 489 1
74 538 1
74 1141 1
74 1385 1
74 1595 1
74 1772 1
74 1848 1
74 1942 1
75 23 3
75 49 2
75 107 2
75 114 1
75 155 3
75 166 2
75 187 1
75 210 4
75 213 3
75 237 3
75 245 3
75 261 4
75 271 3
75 285 2
75 302 2
75 303 1
75 304 1
75 356 3
75 359 3
75 375 3
75 377 3
75 378 4
75 417 1
75 878 1
75 1427 1
75 1638 1
75 2054 1
75 2199 1
76 46 1
76 96 3
76 115 2
76 122 2
76 126 3
76 153 2
76 409 4
76 413 1
76 415 3
76 445 3
76 450 2
76 452 3
76 464 4
76 517 1
76 657 1
76 702 1
76 934 1
76 1392 1
76 2349 1
77 56 3
77 65 2
77 78 1
77 118 3
77 120 1
77 134 3
77 174 3
77 344 1
77 366 1
77 406 4
77 453 1
77 457 1
77 458 2
77 469 2
77 505 3
77 532 3
77 566 4
77 567 3
77 574 2
77 600 4
77 731 1
77 822 1
77 1179 1
77 1212 1
77 1587 1
77 1848 1
77 2002 1
78 57 3
78 122 3
78 137 1
78 164 3
78 176 2
78 183 2
78 186 3
78 276 1
78 439 4
78 449 4
78 462 2
78 467 2
78 471 1
78 477 3
78 484 3
78 533 4
78 564 4
78 567 3
78 568 1
78 583 4
78 596 1
78 863 1
78 1565 1
78 2118 1
79 31 1
79 77 2
79 98 1
79 129 2
79 136 1
79 175 1
79 237 1
79 318 1
79 346 1
79 423 1
79 447 3
79 457 4
79 458 1
79 486 3
79 491 1
79 544 4
79 568 4
79 575 3
79 586 3
79 591 4
79 596 3
79 766 1
79 970 1
79 2066 1
79 2196 1
79 2367 1
80 2 2
80 5 3
80 49 1
80 136 1
80 161 1
80 174 2
80 194 3
80 402 4
80 415 4
80 444 2
80 446 1
80 454 4
80 471 4
80 481 2
80 486 2
80 516 4
80 548 3
80 562 4
80 563 4
80 595 1
80 596 1
80 599 1
80 734 1
80 943 1
80 1227 1
80 1631 1
80 1806 1
80 2288 1
81 34 3
81 55 1
81 58 1
81 59 3
81 187 3
81 275 2
81 277 4
81 287 4
81 317 3
81 334 3
81 335 2
81 353 2
81 387 4
81 677 1
81 1369 1
81 1933 1
81 2057 1
81 2223 1
82 27 1
82 31 3
82 36 1
82 108 2
82 131 3
82 156 2
82 159 2
82 180 1
82 185 1
82 292 1
82 406 3
82 413 3
82 428 2
82 430 1
82 507 3
82 537 4
82 553 4
82 560 1
82 568 1
82 570 2
82 577 4
82 598 4
82 681 1
82 929 1
82 1026 1
82 1205 1
82 1440 1
82 1617 1
82 1723 1
82 2465 1
83 3 3
83 12 2
83 25 2
83 30 2
83 36 1
83 44 1
83 85 1
83 166 2
83 170 2
83 195 3
83 201 2
83 204 4
83 220 3
83 223 3
83 224 1
83 229 4
83 239 2
83 261 3
83 285 1
83 327 1
83 331 3
83 347 1
83 372 3
83 386 4
83 400 3
83 470 1
83 503 1
83 517 1
83 1464 1
83 1580 1
83 1929 1
83 2013 1
83 2239 1
83 2343 1
84 4 1
84 12 3
84 17 3
84 67 3
84 81 3
84 168 3
84 174 2
84 181 3
84 216 1
84 227 4
84 229 4
84 234 2
84 241 2
84 307 4
84 324 4
84 352 1
84 379 4
84 386 3
84 1110 1
84 1309 1
84 1587 1
84 1956 1
84 1960 1
84 2089 1
85 5 1
85 27 3
85 31 1
85 81 2
85 115 2
85 128 3
85 168 1
85 191 3
85 203 1
85 214 3
85 220 4
85 239 3
85 241 4
85 243 4
85 321 2
85 326 1
85 327 1
85 330 4
85 343 2
85 357 3
85 365 2
85 393 4
85 531 1
85 544 1
85 1299 1
85 1535 1
85 1941 1
85 1976 1
86 28 3
86 31 3
86 49 1
86 51 2
86 66 2
86 101 3
86 105 1
86 157 1
86 185 2
86 191 1
86 214 1
86 258 1
86 285 1
86 294 4
86 316 2
86 317 2
86 322 1
86 344 3
86 354 3
86 359 3
86 369 2
86 384 1
86 397 3
86 876 1
86 1537 1
86 1622 1
86 1633 1
86 1807 1
86 1949 1
87 35 3
87 64 3
87 71 3
87 76 2
87 88 3
87 102 3
87 116 3
87 178 1
87 196 2
87 213 2
87 311 4
87 324 4
87 331 4
87 336 2
87 342 1
87 350 3
87 389 2
87 583 1
87 589 1
87 1012 1
87 1030 1
87 1046 1
87 1196 1
87 1879 1
87 1896 1
87 2064 1
88 16 2
88 38 1
88 65 3
88 74 2
88 175 1
88 177 2
88 230 1
88 234 4
88 246 1
88 283 1
88 291 3
88 329 1
88 339 1
88 364 2
88 367 4
88 373 4
88 378 4
88 382 3
88 395 2
88 1060 1
88 1751 1
88 1984 1
88 2115 1
88 2121 1
88 2372 1
88 2378 1
89 11 2
89 31 2
89 34 1
89 42 2
89 68 1
89 72 3
89 97 1
89 110 2
89 132 3
89 143 1
89 413 2
89 414 2
89 461 1
89 474 4
89 481 1
89 498 2
89 500 3
89 507 4
89 531 3
89 542 2
89 571 3
89 576 2
89 578 2
89 579 2
89 1217 1
89 1605 1
89 1727 1
89 1773 1
89 1861 1
89 1956 1
89 2218 1
89 2327 1
90 11 1
90 62 2
90 63 2
90 83 2
90 89 2
90 115 1
90 158 3
90 160 3
90 165 2
90 175 3
90 218 3
90 219 4
90 241 2
90 248 3
90 257 2
90 282 3
90 307 4
90 330 3
90 334 3
90 335 2
90 338 1
90 340 1
90 382 1
90 412 1
90 476 1
90 525 1
90 769 1
90 797 1
90 943 1
90 995 1
90 1257 1
90 1653 1
90 1702 1
90 2184 1
91 10 2
91 14 3
91 19 2
91 23 2
91 46 2
91 59 2
91 65 2
91 85 2
91 143 2
91 148 1
91 217 1
91 254 2
91 255 1
91 361 4
91 362 1
91 372 4
91 376 4
91 399 2
91 613 1
91 730 1
91 1867 1
91 1914 1
91 2076 1
91 2128 1
91 2149 1
92 35 3
92 37 1
92 57 3
92 76 3
92 77 1
92 101 2
92 140 1
92 163 3
92 192 3
92 419 3
92 428 4
92 475 1
92 478 2
92 492 4
92 529 4
92 576 4
92 580 1
92 1408 1
92 1773 1
92 1822 1
93 18 1
93 19 2
93 26 3
93 65 3
93 75 2
93 119 1
93 141 3
93 166 3
93 172 2
93 226 1
93 454 2
93 455 1
93 479 2
93 489 2
93 506 2
93 566 1
93 586 3
93 590 2
93 592 2
93 743 1
93 997 1
93 1251 1
93 1869 1
93 2444 1
94 21 3
94 36 1
94 72 3
94 138 3
94 156 2
94 166 1
94 402 1
94 440 3
94 444 4
94 479 3
94 481 3
94 485 2
94 494 4
94 510 3
94 516 3
94 545 4
94 546 4
94 550 2
94 558 2
94 569 4
94 578 3
94 1639 1
94 1894 1
94 2340 1
95 3 1
95 24 1
95 62 3
95 94 1
95 102 3
95 129 2
95 131 3
95 158 3
95 170 1
95 389 1
95 410 3
95 455 2
95 467 4
95 504 2
95 542 2
95 549 4
95 552 4
95 597 3
95 683 1
95 729 1
95 1049 1
95 1075 1
95 1335 1
95 1591 1
95 1599 1
95 2160 1
96 2 2
96 36 1
96 89 1
96 91 1
96 104 2
96 124 3
96 125 1
96 129 1
96 155 3
96 211 3
96 212 4
96 253 2
96 260 1
96 293 4
96 295 3
96 300 3
96 317 3
96 321 1
96 333 4
96 367 2
96 372 3
96 441 1
96 843 1
96 1833 1
96 1954 1
96 2070 1
96 2274 1
97 5 2
97 47 3
97 104 3
97 133 3
97 145 1
97 154 2
97 164 1
97 230 1
97 242 1
97 254 1
97 285 1
97 307 4
97 323 2
97 324 2
97 352 2
97 366 2
97 373 2
97 385 2
97 444 1
97 457 1
97 524 1
97 893 1
97 1794 1
97 1831 1
97 2172 1
97 2228 1
97 2281 1
98 10 3
98 25 1
98 46 1
98 122 2
98 129 1
98 137 3
98 154 1
98 158 3
98 193 3
98 243 2
98 268 4
98 288 2
98 317 4
98 331 4
98 353 2
98 360 1
98 369 2
98 376 1
98 386 1
98 495 1
98 508 1
98 534 1
98 1479 1
98 1686 1
98 2029 1
99 18 3
99 57 2
99 67 3
99 98 1
99 163 2
99 333 1
99 338 1
99 430 2
99 465 4
99 466 4
99 476 4
99 488 4
99 529 4
99 532 3
99 538 4
99 548 1
99 1140 1
99 2036 1
99 2305 1
100 40 3
100 52 1
100 64 1
100 92 3
100 159 1
100 200 2
100 420 2
100 424 2
100 446 2
100 474 3
100 481 2
100 488 4
100 503 3
100 522 3
100 542 2
100 573 2
100 592 2
100 687 1
100 1246 1
100 1361 1
100 1588 1
100 1609 1
100 1872 1
100 2337 1
