1 20 2
1 51 3
1 97 3
1 102 1
1 148 3
1 174 3
1 184 1
1 205 2
1 206 1
1 208 2
1 211 2
1 214 4
1 218 3
1 252 1
1 258 2
1 264 3
1 290 1
1 339 2
1 367 4
1 392 2
1 394 1
1 400 3
1 685 1
1 1312 1
1 1359 1
1 1478 1
1 1692 1
1 1955 1
1 2203 1
2 23 3
2 63 3
2 72 2
2 116 2
2 119 2
2 146 2
2 193 1
2 204 2
2 228 4
2 288 4
2 293 3
2 308 3
2 311 4
2 326 4
2 330 4
2 366 2
2 525 1
2 1130 1
2 1298 1
2 1327 1
2 2234 1
3 85 1
3 89 2
3 91 3
3 109 2
3 136 2
3 141 1
3 142 3
3 191 2
3 281 1
3 403 1
3 422 2
3 449 3
3 462 4
3 471 4
3 505 3
3 526 3
3 533 1
3 543 4
3 553 2
3 580 4
3 585 2
3 1698 1
3 2122 1
3 2161 1
4 12 2
4 14 1
4 33 2
4 75 3
4 142 1
4 164 2
4 179 2
4 214 1
4 248 1
4 288 1
4 450 3
4 456 1
4 471 2
4 524 3
4 535 1
4 551 2
4 553 2
4 586 3
4 590 2
4 595 3
4 734 1
4 834 1
4 1579 1
4 2284 1
4 2365 1
5 1 2
5 20 3
5 41 2
5 45 2
5 62 2
5 142 3
5 214 3
5 219 2
5 222 1
5 231 2
5 239 4
5 264 2
5 278 1
5 326 4
5 343 3
5 345 3
5 348 4
5 362 4
5 376 4
5 396 1
5 1180 1
5 1191 1
5 2040 1
5 2048 1
6 7 3
6 11 3
6 24 1
6 59 1
6 65 2
6 83 1
6 111 3
6 155 3
6 189 3
6 314 1
6 333 1
6 367 1
6 419 2
6 430 3
6 439 4
6 451 1
6 458 3
6 460 1
6 468 2
6 469 1
6 509 4
6 540 4
6 551 3
6 561 3
6 566 4
6 570 4
6 576 1
6 972 1
6 1493 1
6 1799 1
6 1901 1
6 2268 1
7 14 1
7 53 1
7 69 3
7 114 3
7 128 2
7 141 3
7 161 2
7 194 1
7 195 2
7 382 1
7 424 4
7 427 1
7 442 4
7 474 2
7 483 3
7 485 1
7 486 3
7 490 4
7 505 1
7 506 4
7 521 1
7 527 1
7 570 3
7 572 3
7 578 4
7 629 1
7 1237 1
7 1729 1
7 1732 1
8 39 3
8 77 3
8 126 3
8 149 2
8 151 2
8 169 2
8 186 2
8 224 4
8 230 2
8 231 2
8 240 2
8 258 4
8 270 3
8 275 3
8 307 1
8 319 4
8 328 2
8 331 4
8 366 4
8 381 3
8 384 1
8 449 1
8 483 1
8 517 1
8 690 1
8 1079 1
8 1090 1
8 1385 1
8 1442 1
8 1772 1
8 2189 1
8 2354 1
9 21 3
9 82 3
9 85 1
9 98 1
9 102 3
9 137 1
9 167 2
9 173 3
9 178 3
9 210 1
9 233 4
9 239 4
9 298 1
9 299 4
9 322 1
9 327 2
9 329 3
9 352 3
9 367 2
9 370 1
9 381 4
9 391 3
9 459 1
9 592 1
9 802 1
9 1489 1
9 2158 1
10 62 2
10 98 3
10 157 2
10 159 1
10 175 1
10 266 1
10 318 1
10 408 2
10 412 4
10 415 2
10 443 3
10 476 2
10 477 2
10 484 2
10 514 3
10 578 4
10 620 1
10 1190 1
10 1553 1
10 1720 1
10 1988 1
10 2248 1
10 2441 1
10 2446 1
11 3 3
11 71 1
11 102 3
11 145 3
11 169 3
11 219 3
11 265 3
11 277 1
11 289 4
11 309 4
11 314 2
11 317 3
11 351 4
11 364 2
11 377 3
11 459 1
11 474 1
11 599 1
11 990 1
11 1049 1
11 1114 1
11 1322 1
11 1872 1
11 1904 1
11 2243 1
12 30 3
12 66 2
12 76 1
12 87 3
12 124 1
12 192 1
12 224 1
12 294 1
12 343 1
12 409 2
12 411 3
12 425 1
12 480 4
12 494 3
12 513 2
12 549 2
12 561 2
12 566 3
12 588 3
12 629 1
12 854 1
12 1142 1
12 1355 1
12 1532 1
12 1699 1
13 35 3
13 61 2
13 100 3
13 117 3
13 138 3
13 207 1
13 228 4
13 260 2
13 284 1
13 296 3
13 298 1
13 321 1
13 344 4
13 350 2
13 359 3
13 364 4
13 373 1
13 551 1
13 587 1
13 591 1
13 803 1
13 1450 1
13 1942 1
13 2414 1
14 1 1
14 38 1
14 54 2
14 56 1
14 60 3
14 85 2
14 151 1
14 153 3
14 199 1
14 204 1
14 409 2
14 426 3
14 456 1
14 461 1
14 472 3
14 492 1
14 493 1
14 495 4
14 505 4
14 514 2
14 540 2
14 558 1
14 566 2
14 576 2
14 577 1
14 1088 1
14 1264 1
14 1806 1
14 2215 1
14 2218 1
15 8 1
15 16 1
15 78 2
15 103 3
15 110 1
15 118 3
15 123 2
15 134 1
15 165 2
15 169 3
15 414 4
15 430 1
15 433 3
15 445 1
15 468 4
15 508 4
15 535 2
15 590 1
15 1164 1
15 1799 1
15 1879 1
15 1897 1
16 18 1
16 22 3
16 24 3
16 25 2
16 40 2
16 66 3
16 96 3
16 111 3
16 122 3
16 176 1
16 426 4
16 430 3
16 476 2
16 498 2
16 511 4
16 517 4
16 530 3
16 536 4
16 553 4
16 555 4
16 567 3
16 568 4
16 580 1
16 1325 1
16 1467 1
16 1963 1
16 2137 1
16 2378 1
16 2390 1
17 58 1
17 110 3
17 143 3
17 144 3
17 158 1
17 160 2
17 165 2
17 173 1
17 197 3
17 227 3
17 255 3
17 274 2
17 280 2
17 291 1
17 330 1
17 348 3
17 354 4
17 487 1
17 490 1
17 894 1
17 972 1
17 2382 1
18 29 2
18 30 2
18 56 3
18 70 2
18 89 3
18 111 3
18 132 3
18 194 3
18 408 1
18 418 3
18 424 2
18 437 3
18 441 4
18 456 1
18 488 4
18 497 3
18 508 4
18 517 4
18 536 1
18 563 1
18 590 3
18 592 2
18 616 1
18 713 1
18 1410 1
18 1828 1
19 20 2
19 81 2
19 104 2
19 110 2
19 147 1
19 148 1
19 164 3
19 182 1
19 202 4
19 231 1
19 236 4
19 255 2
19 266 3
19 275 1
19 278 4
19 284 4
19 328 1
19 396 2
19 397 2
19 423 1
19 493 1
19 577 1
19 817 1
19 1099 1
19 1421 1
19 1493 1
19 1807 1
19 2330 1
20 20 3
20 40 2
20 45 1
20 155 3
20 168 3
20 195 2
20 345 1
20 365 1
20 375 1
20 420 3
20 444 2
20 457 2
20 480 2
20 486 2
20 487 3
20 502 1
20 591 3
20 600 1
20 740 1
20 910 1
20 1248 1
20 1262 1
20 1501 1
20 1880 1
20 1885 1
20 2370 1
21 11 2
21 45 2
21 64 2
21 113 2
21 134 3
21 135 2
21 157 3
21 166 1
21 182 2
21 410 1
21 415 4
21 419 4
21 471 4
21 474 1
21 478 4
21 480 2
21 491 2
21 495 3
21 514 1
21 516 4
21 519 1
21 530 3
21 552 1
21 562 1
21 735 1
21 794 1
21 1276 1
21 1286 1
21 1392 1
21 1743 1
21 1926 1
21 1990 1
22 47 1
22 50 3
22 55 1
22 58 3
22 88 1
22 125 1
22 197 2
22 421 2
22 437 3
22 439 4
22 465 4
22 480 3
22 486 3
22 490 1
22 550 1
22 555 3
22 569 1
22 570 4
22 586 2
22 869 1
22 916 1
22 1290 1
22 1372 1
22 1824 1
22 1866 1
22 2170 1
22 2395 1
23 73 2
23 98 3
23 108 3
23 113 1
23 119 3
23 129 2
23 136 2
23 147 1
23 197 1
23 200 1
23 412 4
23 443 2
23 447 2
23 494 3
23 506 2
23 513 3
23 560 4
23 578 4
23 585 2
23 598 3
23 772 1
23 856 1
23 929 1
23 1184 1
23 1657 1
23 2163 1
23 2333 1
23 2344 1
24 36 3
24 74 3
24 121 2
24 179 2
24 195 1
24 207 3
24 214 3
24 224 3
24 238 4
24 257 2
24 290 1
24 302 2
24 307 1
24 312 1
24 316 3
24 329 2
24 332 2
24 1042 1
24 1125 1
24 2311 1
25 1 3
25 37 3
25 48 3
25 62 3
25 75 3
25 91 1
25 107 3
25 110 1
25 147 3
25 158 2
25 429 1
25 461 1
25 474 4
25 478 2
25 509 4
25 536 4
25 541 1
25 556 2
25 587 1
25 599 1
25 690 1
25 1365 1
25 1393 1
25 1563 1
25 1902 1
25 2389 1
26 11 3
26 12 2
26 52 3
26 76 2
26 81 2
26 210 1
26 393 1
26 405 2
26 418 3
26 427 2
26 462 2
26 489 3
26 492 1
26 549 4
26 561 2
26 569 4
26 588 4
26 592 3
26 598 1
26 698 1
26 992 1
26 1186 1
26 1332 1
26 1943 1
26 2200 1
26 2366 1
26 2374 1
27 43 3
27 90 3
27 110 2
27 114 2
27 115 1
27 155 1
27 177 2
27 184 3
27 232 1
27 248 1
27 270 3
27 287 1
27 295 4
27 299 3
27 303 4
27 312 1
27 313 3
27 328 3
27 333 3
27 378 3
27 391 2
27 928 1
27 1345 1
27 1432 1
27 1651 1
27 1906 1
27 1992 1
27 2136 1
27 2241 1
28 20 2
28 36 1
28 81 2
28 94 3
28 102 1
28 136 1
28 147 1
28 196 3
28 231 1
28 268 1
28 344 1
28 409 2
28 418 3
28 433 4
28 437 3
28 461 3
28 513 1
28 556 3
28 574 4
28 1040 1
28 1185 1
28 1514 1
28 1854 1
28 2042 1
29 17 3
29 23 2
29 34 3
29 80 1
29 102 1
29 123 1
29 157 2
29 184 2
29 185 3
29 217 4
29 219 2
29 223 2
29 232 3
29 235 2
29 245 2
29 252 3
29 282 4
29 289 3
29 314 2
29 316 3
29 371 1
29 375 2
29 382 3
29 383 1
29 520 1
29 533 1
29 575 1
29 863 1
29 1730 1
29 2198 1
29 2298 1
29 2399 1
30 24 3
30 40 1
30 44 3
30 78 1
30 129 3
30 137 3
30 149 1
30 152 1
30 158 3
30 165 2
30 415 3
30 432 1
30 434 3
30 440 2
30 443 2
30 478 3
30 511 2
30 529 3
30 533 3
30 597 2
30 1032 1
30 1143 1
30 1454 1
30 1772 1
30 1782 1
30 1934 1
30 2171 1
30 2180 1
31 37 2
31 53 2
31 81 3
31 82 1
31 88 2
31 119 3
31 156 1
31 184 3
31 263 4
31 275 1
31 278 2
31 324 4
31 328 4
31 340 4
31 361 3
31 365 1
31 462 1
31 520 1
31 1108 1
31 1148 1
31 1521 1
32 13 3
32 56 3
32 62 3
32 73 1
32 91 2
32 118 3
32 130 2
32 150 2
32 413 2
32 425 3
32 441 4
32 464 3
32 475 2
32 484 1
32 499 4
32 508 4
32 548 1
32 558 4
32 875 1
32 1142 1
32 1350 1
32 2090 1
32 2165 1
32 2408 1
33 39 2
33 86 3
33 117 3
33 122 1
33 133 2
33 183 3
33 212 1
33 214 1
33 219 4
33 250 3
33 274 2
33 293 3
33 294 3
33 299 1
33 303 2
33 316 1
33 330 1
33 342 2
33 344 3
33 346 4
33 501 1
33 1213 1
33 1289 1
33 1639 1
33 1816 1
33 2115 1
33 2297 1
33 2326 1
34 39 2
34 53 1
34 106 3
34 108 3
34 129 3
34 177 3
34 199 1
34 205 1
34 229 2
34 277 3
34 279 1
34 285 2
34 295 4
34 307 2
34 322 2
34 345 4
34 350 1
34 362 4
34 373 4
34 377 1
34 382 1
34 386 2
34 544 1
34 1243 1
34 1372 1
34 1580 1
34 1677 1
34 1957 1
35 32 2
35 71 2
35 74 1
35 82 3
35 90 2
35 123 2
35 126 3
35 144 2
35 181 3
35 185 1
35 288 2
35 291 3
35 318 3
35 337 4
35 340 2
35 365 2
35 374 3
35 375 3
35 385 3
35 398 2
35 1126 1
35 1506 1
35 1944 1
35 2131 1
35 2493 1
36 16 3
36 23 1
36 74 1
36 83 3
36 166 3
36 167 1
36 197 3
36 210 1
36 246 1
36 302 1
36 413 4
36 428 1
36 436 4
36 452 2
36 455 2
36 462 4
36 463 4
36 470 1
36 538 1
36 544 4
36 551 2
36 558 2
36 572 2
36 579 3
36 590 1
36 982 1
36 1193 1
36 2134 1
36 2387 1
36 2396 1
36 2497 1
37 4 2
37 48 3
37 66 1
37 76 2
37 87 3
37 118 3
37 146 1
37 166 1
37 184 3
37 189 2
37 225 1
37 248 1
37 372 1
37 403 4
37 428 2
37 473 3
37 477 2
37 486 1
37 517 2
37 546 4
37 555 3
37 614 1
37 1109 1
37 1263 1
37 1578 1
38 35 3
38 40 3
38 57 3
38 96 3
38 107 3
38 117 3
38 123 2
38 156 1
38 192 1
38 203 3
38 261 2
38 267 3
38 269 4
38 278 2
38 285 3
38 299 3
38 315 1
38 347 1
38 350 4
38 386 3
38 393 1
38 760 1
38 1341 1
38 1515 1
38 1682 1
38 1756 1
38 2042 1
38 2479 1
39 15 1
39 79 1
39 107 1
39 117 2
39 119 1
39 144 3
39 145 2
39 173 3
39 186 1
39 216 4
39 239 1
39 243 4
39 252 4
39 284 2
39 330 2
39 338 4
39 341 1
39 347 1
39 417 1
39 489 1
39 580 1
39 665 1
39 724 1
39 742 1
39 1188 1
39 1438 1
39 1567 1
39 2432 1
40 77 2
40 119 3
40 140 1
40 173 2
40 185 1
40 235 1
40 296 4
40 297 1
40 298 2
40 308 2
40 315 2
40 365 2
40 366 1
40 387 3
40 397 4
40 440 1
40 471 1
40 489 1
40 832 1
40 2085 1
40 2168 1
40 2393 1
41 15 3
41 36 2
41 56 2
41 139 3
41 194 1
41 199 3
41 205 2
41 218 4
41 253 4
41 262 1
41 308 1
41 358 4
41 370 1
41 397 1
41 461 1
41 478 1
41 1053 1
41 1447 1
41 1668 1
41 1953 1
42 15 1
42 35 1
42 37 1
42 100 3
42 106 3
42 107 1
42 119 2
42 136 2
42 143 2
42 144 2
42 214 1
42 413 2
42 416 3
42 445 3
42 471 4
42 489 3
42 510 4
42 527 2
42 543 4
42 552 4
42 561 4
42 574 2
42 589 2
42 681 1
42 1373 1
42 1835 1
42 1839 1
42 1980 1
43 62 3
43 73 2
43 83 2
43 98 3
43 120 2
43 137 2
43 142 2
43 199 2
43 249 3
43 254 2
43 256 4
43 323 2
43 344 1
43 351 1
43 372 2
43 386 2
43 395 3
43 1017 1
43 1241 1
43 1256 1
43 1360 1
43 1562 1
43 2160 1
43 2320 1
43 2473 1
44 48 1
44 126 1
44 139 3
44 140 3
44 165 1
44 185 1
44 405 4
44 412 2
44 438 2
44 440 2
44 457 2
44 467 3
44 476 3
44 507 2
44 542 3
44 545 3
44 549 4
44 550 4
44 585 4
44 590 4
44 740 1
44 882 1
44 1074 1
44 1892 1
44 2049 1
44 2326 1
45 25 2
45 28 2
45 39 1
45 46 2
45 62 2
45 111 3
45 135 2
45 173 3
45 179 1
45 203 4
45 216 1
45 256 4
45 296 4
45 317 1
45 330 1
45 358 1
45 359 1
45 364 3
45 371 3
45 463 1
45 518 1
45 545 1
45 766 1
45 1063 1
45 1215 1
45 1939 1
45 2001 1
45 2296 1
45 2337 1
45 2358 1
46 12 3
46 55 1
46 70 3
46 122 3
46 146 2
46 178 3
46 415 1
46 424 1
46 497 4
46 498 1
46 504 2
46 522 3
46 542 4
46 564 1
46 633 1
46 1025 1
46 1245 1
46 2342 1
47 84 2
47 102 2
47 153 2
47 155 1
47 158 2
47 197 3
47 199 1
47 220 1
47 242 1
47 262 4
47 277 3
47 300 1
47 302 2
47 345 1
47 346 2
47 383 4
47 393 3
47 448 1
47 511 1
47 575 1
47 776 1
47 1205 1
47 1379 1
47 1867 1
47 1954 1
47 2182 1
47 2235 1
48 7 2
48 23 1
48 27 2
48 91 2
48 105 3
48 115 3
48 132 3
48 143 1
48 222 1
48 300 1
48 400 1
48 419 1
48 422 1
48 440 4
48 469 3
48 482 1
48 493 2
48 498 3
48 500 2
48 563 3
48 583 1
48 590 1
48 948 1
48 1098 1
48 1668 1
48 1746 1
48 1772 1
48 2004 1
48 2446 1
48 2454 1
49 35 1
49 77 2
49 83 2
49 86 3
49 111 1
49 153 2
49 155 2
49 167 2
49 217 1
49 220 3
49 236 3
49 238 4
49 243 2
49 244 3
49 269 2
49 271 1
49 277 3
49 278 4
49 308 4
49 312 3
49 324 4
49 327 2
49 463 1
49 484 1
49 548 1
49 834 1
49 1175 1
49 1348 1
49 1405 1
49 2210 1
49 2273 1
50 19 3
50 103 3
50 115 2
50 123 1
50 130 3
50 137 3
50 150 2
50 154 3
50 207 3
50 247 1
50 254 4
50 319 3
50 340 3
50 341 2
50 352 4
50 375 4
50 382 2
50 387 2
50 397 4
50 1109 1
50 1947 1
50 2175 1
